2.6907855
5.9102162
0.10542075
-0.0017819361
4.1761009
-0.7986815
-3.1683381
-3.294733
2.5389548
1.6919561
-0.70760365
-1.0265431
-1.550805
-1.073536
-3.3447203
2.7615052
-1.0251936
-2.4834726
10.190969
9.2809901
9.5873769
4.0315055
0.65399052
-0.31155331
6.1813512
-3.9317587
-0.97794748
-0.10301048
3.0693964
-4.7001521
1.0204751
-2.1740234
7.095267
3.9139876
-0.95786305
4.372693
-1.0007982
-2.0282135
-1.751538
-0.62633378
-3.3658527
2.2926499
1.2853109
8.3055234
-2.2557393
-1.2068032
-0.98978428
-1.8621453
9.5016551
-0.063802328
-42.94974
1.2530227
-0.83729272
-0.90171134
-6.0223146
2.5386841
-7.1988106
5.046141
2.0071548
0.98588116
-3.9002815
-5.3036404
-0.1211611
-0.35055951
4.3935519
-5.9495759
14.514051
1.369072
-2.1919169
-2.3338624
0.26220526
8.0243742
0.37230914
0.017818235
-2.5234197
-0.54526908
0.51194334
-12.964548
4.0531316
-6.6652955
4.326758
6.5243057
-3.9748469
-0.96986005
-5.2311856
-2.1721243
0.28150459
-3.2353632
9.1500221
1.6198199
-0.97500315
-5.1521297
-0.68174192
5.6452126
-7.0012266
2.6253334
17.181677
-2.3508638
-0.92315445
-0.64477943
-1.9186222
-0.1357723
-2.7174998
-15.585737
1.7169003
2.5649858
0.30594862
-1.4100349
6.1313625
-2.1848333
14.086021
-0.97016894
1.3495101
5.457933
-0.5240902
0.42017037
-0.42125741
-1.4852422
-8.4433811
-0.38708933
1.7813842
-0.0069226141
1.8094901
4.6919058
-4.8982131
4.0907369
-2.2212714
-1.5055118
0.65948944
1.4797525
0.28866479
-5.3983895
5.0484978
1.227052
5.0943033
2.075616
-5.4027217
6.673688
9.7443764
-4.3806229
0.63132245
-2.0283778
6.0183048
-39.255403
3.8434501
3.5039645
-6.5181572
-2.5553041
-16.320976
0.08237843
-1.4856514
11.751979
-8.4390821
8.7842699
-0.97917853
-1.3072049
5.2055633
0.92127089
-3.8275714
-3.6240535
-0.43213688
-1.9871302
8.8167381
4.6948256
-2.4855921
-1.0009864
7.5304088
-35.823494
3.4458617
8.7620743
-1.4716383
-0.12992748
-0.5241326
1.1596416
1.571062
8.7862312
9.6016438
-1.7061759
5.185966
1.9059923
-3.7494499
1.6813424
-1.4487631
-0.21340255
-0.19115447
-1.4757131
-5.5413151
-14.8721
3.3108448
5.5261763
-3.5484062
0.23354217
3.4525529
4.3467197
-0.93473336
-1.6653248
8.7912117
-2.4232902
5.9862761
-3.3296234
3.8085839
-18.950991
9.6280183
5.1748559
-1.0604413
0.47788889
-1.0588615
0.71420231
0.70943119
6.1632663
8.7687106
-7.685852
3.1179306
8.7912117
-12.308811
-9.0717218
1.7990442
-1.2821474
-12.309148
2.4239604
-3.2146878
2.9083708
-5.6730441
4.6537909
-0.35800372
1.4005462
-0.7524198
-4.2893826
2.7519534
4.6501138
-23.579983
1.9684671
5.3208305
-2.8715999
4.0632308
2.3060838
-17.678256
-5.3293324
1.4704408
4.1007691
3.9012091
-1.3047049
5.9850155
-0.13085037
1.8512515
2.4703533
2.0496865
17.269653
4.9954845
-1.2816479
-6.4501483
4.2127417
-0.65054206
-2.9045338
1.1022599
2.055907
-5.5532553
-0.7052908
4.5155526
-3.198596
5.4382878
7.9115724
-0.36003412
0.53080327
-17.499191
-0.51145446
2.0518292
1.369832
1.5397515
-0.97005398
1.0379995
-1.7468628
-3.1750562
9.0385974
-1.636887
-12.851513
-1.3666814
-0.42154205
-2.4417759
6.369545
-2.7388226
7.6074326
-14.632409
-1.1378773
5.1611208
-0.24085649
-3.7340912
2.659014
9.11203
-6.5838254
0.075140965
3.2696609
3.6068907
5.9327672
-1.045988
5.5809793
-4.26317
-2.428175
-5.2081684
-5.3872242
6.1868399
8.9657465
-1.9299151
-2.7124803
4.6795693
-3.1242464
5.4638374
0.7292387
-6.5345416
-1.2135687
1.364934
0.89882151
19.414469
-5.1599946
-1.4407477
-0.79129997
3.9395371
-0.65648834
-3.4293874
-0.85404028
-12.309148
-1.9843039
2.02399
-1.9860183
1.9705278
4.5350523
-12.309148
2.0752216
-0.36553217
12.397013
6.1834666
-1.8482894
5.2648563
-8.1555666
10.399499
3.5492875
-6.3057298
3.5449744
-3.1328513
-1.839206
-1.0052287
3.1597973
-19.242785
0.67072658
1.6651221
14.394503
3.3186473
-9.0817911
3.765044
-3.018217
0.98811856
-4.1835752
-0.88658233
3.082094
9.1311648
-7.145692
-39.249841
-0.69519795
5.2053094
-3.0524949
3.1952801
0.62045562
-1.4097016
1.4716265
-5.7823419
-3.028628
11.029465
-6.694971
-0.77675795
-2.6335101
-3.1371263
-36.249257
-27.852055
-8.4471593
0.44839787
1.9990698
-1.7780113
-0.3128552
-1.7163388
2.4840336
7.6761692
-0.28351744
13.877614
-12.309148
3.1955125
-15.130304
2.0779379
1.6331153
-2.6143319
-8.3899219
5.3305061
12.583566
2.7298219
-5.2488493
-0.3398994
0.48680338
-1.2653647
0.74862266
-1.3427132
4.0681141
-5.5505931
-2.4683983
-1.7661458
-1.5446279
0.75675543
-0.78448746
2.6026929
0.81351906
2.8231882
-15.366294
2.2487174
1.5069657
-0.50377214
3.4690206
1.7202099
6.1797138
-0.93268734
-16.007995
1.0647634
4.4400887
7.3633535
-0.90554119
2.6473994
3.9076621
1.0720685
4.2639649
-1.3627474
1.9221351
5.4353632
-5.7267795
-2.1329831
-5.2852856
4.5922975
4.1902669
4.4954108
-4.0952735
6.3473635
0.91890256
2.7978322
-1.9845561
-2.0498515
6.4092531
-2.0547831
-15.088186
-2.7216694
0.29762676
1.8388043
-2.8809397
4.5111677
8.4282481
2.7806547
-1.9647045
1.5638942
-2.4353498
-3.1237217
2.4017366
4.1237976
-5.1533337
3.5232214
2.6860139
-2.0525667
-0.19224324
1.8246559
43.030341
4.2927414
-2.9879748
5.9716771
5.2751733
1.0557724
-1.4330531
-2.0757457
3.3255459
-6.2234036
1.8820008
-5.5910259
-1.1551262
3.5039645
-12.309148
-1.8474893
0.73030165
-1.2192231
-3.5612981
-0.30714536
-0.61267947
-0.49609724
-9.0814538
-1.0265436
3.2663273
-0.79295813
1.0225602
3.0602756
-1.104586
-0.97695535
0.24659159
-0.50952162
-2.2063681
-9.7461223
1.0587514
7.9115724
-42.94974
-8.3736112
-3.7152495
-0.96306455
-1.0272178
1.1315391
-2.5243961
-0.65152754
2.984762
0.95552344
-1.2051936
3.1014533
6.1167532
-0.085318752
1.8518247
-5.6187739
-5.3754318
-0.1284909
-0.81012814
-3.1538183
-1.3056751
-1.8379878
-1.7079976
-2.6261774
8.4523059
-1.0165418
2.8582215
-1.83654
-1.8505834
9.2619964
5.1389523
-6.7286726
-0.25030567
1.4008211
-3.0584481
-2.2882689
7.3053553
3.0464981
0.63925806
2.5991741
0.35112077
6.0583167
-2.959577
0.2071437
1.1183507
0.28842516
3.1553407
-1.6775404
-3.2920851
10.299084
-1.2835832
1.3241424
-6.3124783
4.0664642
0.77822454
6.0374332
8.3331134
-5.3636143
-0.28782804
-0.79528627
-8.35254
-1.0144498
6.7204622
-2.3566358
-1.0841016
-18.950654
-2.1302162
-3.4769576
1.0036685
6.2816255
3.4447379
-12.309148
2.6540221
-1.0265431
1.1442555
-0.44432726
-8.07758
4.0554621
0.74615519
-0.15482662
-2.3526297
-1.4015975
-2.1351531
-13.894811
2.4896664
4.0560491
2.4897842
2.7540036
-0.59964123
-2.7333634
5.3390715
-4.7111274
6.5670504
-4.5779055
-12.309148
2.5353954
0.34253686
-0.70930074
-12.309148
-8.9015325
-6.1995784
3.5779279
0.48258593
-8.6630561
6.2189673
3.8227234
9.3755157
2.0572202
-0.47055318
2.3199828
11.90056
6.053032
5.2553058
4.6083737
-7.0793588
1.5643071
-1.1235353
4.2756579
2.9935107
-1.3143438
-6.4260026
-1.852151
5.5482335
-0.1478705
1.9349386
0.4359409
-2.0060044
2.7790008
-0.49922512
3.7189308
-2.4077368
1.5588364
3.1047806
3.3699803
-1.0382238
4.8537185
2.4383651
1.3531117
2.7566416
-0.94381845
3.2609015
1.9245259
2.6562722
-0.82664842
-9.4356498
-5.9234487
4.2868711
8.3334197
-1.0258683
-1.6984795
-1.0793515
-0.82527475
2.6114693
-0.04731217
-1.2724217
4.1191386
-0.69231114
0.78242672
-0.658357
-4.5952679
-6.6835354
-2.1076302
-0.72250253
3.5019555
-15.074043
1.7524391
1.764184
0.71060471
4.0659783
-0.81357077
-0.46760213
-0.72022048
-19.830128
4.3412551
-4.8661698
-5.3638863
3.5347682
-0.79300025
-5.428533
-3.3955363
-1.0268804
-12.309148
1.4293513
1.7654148
-2.7432375
2.2826907
-0.97917853
5.2501347
1.7671583
6.4237949
-3.7282147
-3.6543688
0.50330394
2.30135
1.1610548
4.9590904
-1.7866901
3.5074679
-5.8696488
4.0727011
1.4342739
2.2538499
5.9709533
4.316089
5.0369942
-0.1776259
-1.346491
4.0962523
0.40195091
-3.6103934
-6.1142996
7.5729458
1.3746335
0.67072658
4.9162315
1.6258032
-0.96306455
-1.1487969
7.2026973
-3.0269302
3.2663273
2.2487174
-1.1393965
2.413106
3.1272717
-8.0443696
-2.1106739
-1.8350599
-1.0028453
2.6969057
-0.92074313
3.6100231
-5.0263626
-0.9840879
1.9556782
0.32782084
-3.8335818
-1.2724217
2.9181287
4.2372523
-1.1302176
-4.4437104
1.1565553
-0.57526932
2.8011899
2.3909454
-1.2525783
-1.0265431
-0.35674442
8.8877955
0.17651373
1.3211738
1.408726
-5.0629748
-3.4788643
-3.4158276
0.60725861
-0.91444875
-0.70019717
-12.309148
-1.7091865
-0.95451587
3.1456031
-3.0835698
1.0389473
-1.991216
-1.025531
0.86280996
0.36292079
-12.309148
-2.6540015
-6.0954937
-2.1342175
4.7442175
1.2734504
5.6636225
-1.4871193
-1.2017798
-18.250357
9.8498252
-3.8189075
0.99569944
-2.107865
-4.1792318
-15.521863
-1.3075834
1.039477
-0.88480802
4.7276565
-1.0262057
-12.309148
2.0642138
-1.9679489
0.99988589
-2.851864
-2.3789884
-0.88129711
0.3893801
12.138753
2.4454443
2.5009747
-1.644526
3.5220715
-1.7147245
9.2809901
-9.671659
-2.3236012
-4.5909272
3.7773239
1.354733
-2.6687477
0.8117993
-3.2698851
-1.0437815
-5.8089465
4.4885079
0.34025799
-1.2701534
-11.491147
10.469653
2.5310553
-0.34077095
-18.917477
-4.4321454
5.6503654
-2.5682515
3.525488
-12.309148
3.1263251
2.1077267
-5.5042831
2.3199828
2.9954879
-2.730113
4.831037
-1.0868857
1.782211
2.1330926
-0.20530157
2.1815612
5.7129808
-2.6697102
3.0596518
2.9139892
0.66609351
2.6475638
-7.2507202
-10.408336
8.7035214
1.3343782
1.7688365
-14.469233
-1.3187403
0.93025861
-1.5765028
-1.1289003
-0.74107632
-3.5576861
-1.1715049
2.8433507
7.1709663
0.40059284
-0.42179051
-0.84120401
-4.7160106
-2.5640409
0.98301841
1.0001245
-18.4794
-2.0956406
1.7893025
1.9187324
-2.5363848
-1.5938147
3.9215185
4.9395038
-6.3043073
-10.281217
-9.7559938
-0.6207049
2.0750491
5.6922541
-5.5140393
-0.63365884
3.4222757
-0.70228425
-4.5820008
-10.567496
-1.4862597
1.8105541
4.0869067
7.3480347
-0.58101478
-1.1151848
4.6091592
1.855224
1.4421528
-10.279641
0.94137264
4.3757339
4.6690081
-6.8148166
10.25594
3.7650035
9.1500221
-2.2784282
4.4415727
2.8039865
-1.2724217
-1.2691454
-12.309148
-0.82777552
7.5271903
4.2927414
1.1869329
-10.414743
-6.4877207
7.4236474
-2.1780164
-3.1538859
-6.8239174
1.4154394
-1.5007836
1.9174887
-3.052169
4.5266717
-3.0256894
1
0.64388071
-1.6440957
-1.1687642
-1.1140197
-5.5419102
1.998454
-3.9593187
-4.644369
-1.3244908
-5.4388608
-2.5719005
4.3269936
-4.3071695
0.27726662
5.9601756
-1.5834691
4.1534245
-0.59148705
3.4469174
-4.5493553
3.6257183
-2.592632
0.54185892
2.0032638
1.6246401
2.0298758
2.7973559
4.1151439
-1.2337437
-1.073536
1.7668036
5.0653948
-6.2903186
5.7269251
2.3425944
8.7914795
-3.7447093
6.3899177
4.1816619
-11.819268
-0.61108726
1.7627119
-0.72685968
5.3403816
-20.463833
-3.9137945
1.5595902
5.6219587
1.7408017
1.0018137
-2.805277
-4.4443324
-1.7494555
3.6200051
-1.0827883
-0.87029308
-1.2724217
2.4835118
0.021915809
1.6339341
-1.2247318
-4.5898427
-9.4836403
14.0435
0.71507735
2.6989679
-0.16607444
-2.5758922
5.5518553
-10.134704
3.6049951
2.3974154
4.7442175
-3.2349916
-21.839731
-1.3217219
-4.1449518
3.1803112
-0.99984266
-1.9256903
2.647919
5.125398
-1.2724217
0.45995386
-2.5342832
-3.9335439
-1.5091443
-1.0059611
-1.10422
4.5160053
-2.0104395
9.1681864
3.1952801
-2.5473596
9.2097253
-1.2724217
-1.3939658
0.1507485
3.7367181
3.7118559
-34.85753
-3.8205376
-0.69075457
6.4839268
1.49772
1.0326886
0.69865313
8.7862312
-13.572816
4.3444784
1.4845204
3.6583807
2.0151339
-16.01005
4.6143343
9.5847562
0.21088168
2.2473129
2.7902437
-1.4557966
4.125216
-3.4548521
-1.4246347
-0.52360877
-4.8645633
2.9566034
0.55973397
-0.61155369
-0.42272635
-0.93957282
-5.0570274
0.74615519
-4.0178494
-12.309148
-3.8271964
1.3693622
-5.6240786
1.3129163
2.0436236
4.8364486
9.2863383
-2.1105367
0.7279458
-15.957734
1.7241179
-1.8946787
-0.76944859
2.9662949
-1.5318319
-13.855464
-4.0046443
-2.2689862
-1.7087361
-4.8979999
-0.94946146
-1.2724217
-3.6099462
-5.9199275
-1.0265431
-4.1199207
6.2282341
2.0686115
7.5037363
-3.7033546
1.6034948
-7.4574513
1.9318227
7.9859475
2.6303033
4.2147605
3.0384509
-1.0431552
6.1679349
2.3963
0.28498768
-1.2724217
-1.0265431
0.60073958
-2.4389184
-2.7120844
3.9303754
2.1345014
0.44497058
-1.025531
3.3865387
-2.0673975
1.0725318
-5.2803468
-0.6479965
-1.5228465
-1.1390049
2.1638105
2.6473994
9.2718389
0.45611271
2.0608372
-2.1405944
-1.5468608
-1.2724217
-1.1064883
0.65245391
9.11203
0.31345304
-5.1536338
8.0220647
-2.0319522
-12.309148
-7.1692159
-1.3220783
-15.074043
-6.5099368
-2.1051005
13.467077
0.042028472
1.0243689
2.2292813
-0.85040988
-22.896068
2.0436236
-3.9184391
4.263611
-1.3233596
2.5398139
-2.5828651
3.1185575
4.6151958
1.1494278
3.2127166
0.08485501
-1.00024
5.5134371
0.62045562
1.7701835
-0.39585691
-1.1824232
-13.32235
7.2879877
-1.0007982
-4.2459313
-2.4882512
-0.93957282
1.7671583
-0.53458871
5.7209858
7.8765298
1.030704
-3.9568152
2.628041
-2.9124472
-2.9665767
2.7218905
-12.309148
-2.2394794
3.5441063
-0.92748904
-11.899723
-0.27579434
8.7912117
-9.0676649
-1.6521354
-1.6850377
9.0748595
0.86940659
0.028184001
0.45740043
1.030704
-12.309148
4.0851602
0.44328468
-0.98764666
-9.4298391
3.1387845
-2.2399283
1.6272218
-1.8456271
-5.3646264
4.3402226
-0.98316698
4.1426349
-7.5838159
-8.3906455
-0.83128986
-3.2303451
-12.309148
-2.7046553
3.6533012
2.3840996
6.9647286
5.7183477
-1.078084
0.77339436
1.845107
-0.58101478
-0.26594736
-1.0268804
-1.5488694
10.373493
2.9515221
5.5010934
-14.569835
3.0920365
3.747515
2.2362013
4.8051026
-8.2330499
-0.8301544
2.6562722
-0.20539716
-5.8194297
-4.2737515
1.4476648
3.068534
-1.1884662
-6.307387
1.0846214
1.467069
0.87618614
-0.94545735
-1.5430079
-3.7526952
0.82901855
8.5777662
0.11845189
1.49947
0.24337994
-1.6259946
0.72552547
1.867982
3.2905936
-3.8542364
-2.4749748
-5.4438887
4.4490885
1.6257847
-0.91852665
-12.309148
4.0590758
0.78800191
-1.9908053
1.168734
8.7912117
1.8795342
2.5931082
-2.1453874
-6.2031978
-0.93274035
-3.659104
0.83497255
4.3412551
-3.294733
-5.3996507
4.6648395
1.6272453
0.67072658
-2.016991
-1.6228917
-2.0447001
3.2392401
4.7355705
7.706222
1.8975959
4.2736056
3.4759488
-1.5696137
9.7548617
-3.4816952
-0.50298774
1.6764379
-8.6347055
0.44144743
-0.90708331
-1.1474819
-4.5740988
7.8057617
-1.5144071
-0.87851397
5.6863771
26.946875
-12.309148
0.82099586
0.48468245
-6.0427265
10.026053
3.304924
-0.23274496
0.071331697
-0.9511118
6.7204622
0.18421601
-6.1862908
0.6726247
0.97682719
3.0494763
2.1695439
-1.0262057
-1.7448667
6.1706221
-2.1314835
2.8075037
-2.1951757
3.1410983
-0.9523736
-2.1889747
5.5592454
-0.19912446
-4.6787974
-0.89839588
-1.7433866
4.0876545
-1.651765
-1.2724217
-0.6227195
3.2794461
-1.0262057
2.841255
1.1102345
1.6875582
-6.8175037
-1.611995
8.7346338
0.67066993
-3.5233079
-2.9021615
1.8439716
1.0370156
0.44301689
-0.48478915
2.4025035
5.958024
1.8623248
-0.96742259
0.79835547
4.9539802
-2.771096
1.024729
0.97404568
2.9867875
0.82480919
0.53432281
5.2922541
-4.1167723
5.4335594
-0.77963227
3.5910711
0.75000377
-0.15145312
1.4126974
4.0979672
-1.331765
-1.5909194
-2.2310928
-8.3086298
2.1000141
-2.9634788
-5.2549874
-0.93092942
-0.83362748
1.4122269
1.7731948
0.31044934
-8.7095599
2.9447055
-5.4490152
-5.103826
-1.0262057
-0.37811837
-0.5913463
-1.5443702
0.71472197
3.0969081
-2.6964409
1.207293
-2.0230172
3.2189714
-5.5892688
4.7510878
0.8980132
-0.32760676
1.1400303
-0.99983482
-0.84816525
10.108096
0.56814688
0.73260948
-1.5097494
1.5869038
-8.9894431
-1.0265431
2.6353645
1.8223276
2.1422952
1.996216
1.8530794
0.90563979
22.740254
0.99525156
-12.309148
8.6545542
-11.892373
2.0032638
-1.5626454
5.3942351
-7.6115986
-2.2511499
-9.8376251
-1.4084277
4.1471493
-2.46683
-5.3320646
4.2833727
2.4987412
-4.0885341
-4.5461332
3.5094223
0.48631066
-0.87358795
-1.4545946
-1.8967278
-4.8619218
6.2349994
-0.50143231
3.4187135
-0.99793118
-0.52976519
-1.1925467
1.0411553
-9.9858307
-11.827206
-0.83362748
-1.2238328
-0.91979981
5.6822417
-1.4013977
1.3971185
9.0201653
3.4547829
5.8896174
3.2014619
-2.6397573
-1.0679858
-1.5560475
-1.2724217
-0.5491538
-8.7443826
4.7115221
1.1796748
-1.025531
-1.5079029
-0.050820742
3.0119137
1.7025189
-0.93430567
-10.254934
1.7505931
-6.5385615
-1.2979079
-11.601552
-11.272156
-15.088186
-1.8169121
3.2601233
-0.79895331
-0.93695226
1.7015095
3.125839
-2.9329612
-1.0161891
8.7491619
-1.2299065
2.9140642
-1.8332832
5.7859998
2.9253686
-21.451321
-0.59417404
4.495186
0.26873521
-1.2724217
0.68265363
-2.2704905
0.56461342
0.36665304
-1.5902398
-4.3493794
1.9901381
0.99352918
-6.5871506
2.8062713
8.8987765
-0.48782538
-2.014155
-4.2769605
0.58280229
7.7343363
-1.2724217
-0.52522604
-7.6176743
-4.7783176
6.0712696
-0.29251228
16.676879
-1.0573267
6.1480684
0.24100893
-0.7993595
3.2852011
-2.2639002
-8.2659281
0.34027607
3.1970094
-8.9517948
-7.0754862
-12.309148
-3.4733702
2.6490127
-12.215756
-1.0046874
-9.8504707
-1.5195891
3.5982442
1.7990082
8.8893487
2.2551533
0.74692049
4.873063
-1.4719103
-12.309148
-1.9834047
-1.2161199
1.7003613
1.5190638
7.2045814
1.3483504
-6.3066531
-0.42480294
5.0484978
4.2365801
-0.90293162
1.090464
-4.5367037
4.1075469
-0.8358388
-0.59946464
8.4934751
6.5674655
-3.4956535
-2.6361248
-1.9225912
-15.608766
2.3979487
-1.0258683
-0.99984266
9.2782316
3.5094481
4.1953385
0.71380594
-1.5063037
-2.7449181
-0.97121804
-0.6473537
5.5722113
-5.7722901
-6.8931732
-0.54916203
-2.3619907
0.60082764
3.5910711
-0.63807914
-1.1166128
-5.497786
8.7812935
-3.9631571
-12.309148
3.1415595
7.7802179
2.1721493
-2.7662609
2.2825719
3.7862171
8.7600577
-0.54791812
-3.1630686
-4.6984583
1.0244771
3.6605734
2.3311584
8.6990069
4.6716328
8.1047353
0.96087714
-1.2724217
1.024729
-11.522632
10.096476
0.82681757
-9.1717767
-12.309148
2.6215062
-3.22527
2.5170503
-0.22703994
5.5840136
0.76134243
-8.1231084
8.7862312
2.8792041
5.4818463
-1.2261709
-0.56516774
-0.92122824
1.5639724
20.492511
8.8583537
-5.4781875
-0.73036658
7.814409
2.0124409
1.353063
2.6014259
2.0876186
-3.0154004
-6.2228143
-3.1416264
1.3977373
5.1907201
-1.2607057
3.7032566
-3.2341361
-3.3143496
1.0049467
3.9584923
-6.5366689
1.3424422
-5.0594299
-1.6600761
-10.424501
-6.8418131
-4.0886838
-2.2900659
-0.12889083
-1.2724217
4.286896
-3.5953967
-0.087799533
-2.3095834
2.0472589
8.8854675
0.1818487
8.3932629
-2.2739869
-0.99984266
8.1571635
0.19771379
1.4335134
-2.1089441
-2.1636125
1.805298
-1.0265431
-2.9604447
3.2152067
-7.0878575
2.6464395
4.4844651
-16.865343
1.2763707
0.30691247
-0.12067774
4.2980358
-7.3267499
4.1629878
3.5523996
6.6464272
-2.3980547
2.8607277
1.564919
-2.3484849
2.7038654
3.4788818
1.8800002
2.2914041
-1.7632257
1.2478793
2.6755237
3.9790972
9.033617
2.5556882
0.34690908
-11.372329
0.94176594
4.0741918
12.235217
-1.2070536
12.131657
-0.95700879
-0.97917853
5.6637911
-12.309148
10.146141
3.4764165
-0.095433246
-0.10608663
0.80196266
0.057179619
4.5362199
3.845028
1.8949933
-1.2724217
7.6003607
-0.79573155
-0.89299605
-0.0023789383
-6.6161459
0.67066993
-15.074043
-6.5444525
-12.309148
3.5439995
-4.0961755
-4.2395201
2.6464131
2.990927
3.2469173
-0.89688069
1.877683
-6.0954937
3.0060847
0.34052435
0.25946178
3.5908132
2.8642519
-1.0982999
2.4631449
-1.945474
-0.35946982
-0.58698765
-1.0265431
-0.97936177
4.1253816
0.93510695
-1.2077664
1.5658759
-1.9908741
-1.3860766
1.1259311
-12.309148
-1.571591
3.1817338
5.1404784
6.3899177
7.3783994
-1.2724217
-3.6780108
3.2114233
-7.9876703
1.7732988
0.69290897
-1.0488685
-1.025531
5.5261763
-10.594542
-1.9141086
-6.6580576
3.1277549
0.81922087
-0.31751113
-2.1214349
-2.9547879
-0.89420342
-4.3795905
0.9790018
-1.6619694
-6.1102736
9.5847562
-6.8035454
-11.221393
6.5684798
1.9557353
4.1732037
-1.4312594
-0.32537441
-5.8537411
8.1820648
1.0222725
-12.309148
2.0396953
-19.760418
